File: s27.net:
Inputs  | Outputs 
1110101 | 0000
0001010 | 0000
1010101 | 0000
0110111 | 0000
1010001 | 0000

File: s298f_2.net:
Inputs            | Outputs 
10101010101010101 | 00000000000000111000
01011110000000111 | 00000000000000001000
11111000001111000 | 00000000000000010010
11100001110001100 | 00000000000000100101
01111011110000000 | 00000000000000101101

File: s344f_2.net:
Inputs                   | Outputs 
101010101010101011111111 | 00000000000000000000000000
010111100000001110000000 | 00011110000000000000000000
111110000011110001111111 | 00000000000000000000000000
111000011100011000000000 | 00000000000000000000000000
011110111100000001111111 | 00000000000000000000000000

File: s349f_2.net:
Inputs                   | Outputs 
101010101010101011111111 | 00000000000000000000000000
010111100000001110000000 | 00011110000000000000000000
111110000011110001111111 | 00000000000000000000000000
111000011100011000000000 | 00000000000000000000000000
011110111100000001111111 | 00000000000000000000000000
